Results
AGE|COUNTS
*****Counts for MODERNA_FEMALE_FATIGUE*****
0.08|1
0.5|1
0.92|1
4.92|1
13.0|3
14.0|2
15.0|2
16.0|13
17.0|14
18.0|88
19.0|89
20.0|137
21.0|177
22.0|231
23.0|251
24.0|295
25.0|316
26.0|376
27.0|353
28.0|418
29.0|417
30.0|469
31.0|478
32.0|485
33.0|516
34.0|515
35.0|549
36.0|597
37.0|593
38.0|580
39.0|600
40.0|613
41.0|599
42.0|655
43.0|581
44.0|524
45.0|566
46.0|529
47.0|653
48.0|543
49.0|628
50.0|711
51.0|715
52.0|655
53.0|618
54.0|608
55.0|659
56.0|671
57.0|652
58.0|703
59.0|664
60.0|708
61.0|729
62.0|655
63.0|683
64.0|680
65.0|819
66.0|782
67.0|733
68.0|679
69.0|692
70.0|636
71.0|577
72.0|544
73.0|536
74.0|506
75.0|363
76.0|354
77.0|341
78.0|311
79.0|269
80.0|220
81.0|164
82.0|177
83.0|149
84.0|105
85.0|94
86.0|95
87.0|77
88.0|60
89.0|55
90.0|37
91.0|34
92.0|31
93.0|15
94.0|26
95.0|13
96.0|5
97.0|9
98.0|3
99.0|3
100.0|2
101.0|1
102.0|2
103.0|1
*****Counts for MODERNA_FEMALE_HEADACHE*****
0.08|2
0.17|1
0.75|1
1.08|4
1.25|1
4.92|1
6.0|1
9.0|1
10.0|1
11.0|1
13.0|3
14.0|4
15.0|4
16.0|15
17.0|16
18.0|101
19.0|148
20.0|208
21.0|228
22.0|292
23.0|321
24.0|384
25.0|387
26.0|432
27.0|458
28.0|481
29.0|505
30.0|527
31.0|556
32.0|554
33.0|625
34.0|631
35.0|654
36.0|698
37.0|669
38.0|717
39.0|677
40.0|736
41.0|718
42.0|729
43.0|692
44.0|676
45.0|684
46.0|657
47.0|720
48.0|730
49.0|789
50.0|850
51.0|859
52.0|785
53.0|786
54.0|807
55.0|830
56.0|823
57.0|861
58.0|919
59.0|902
60.0|866
61.0|876
62.0|793
63.0|785
64.0|779
65.0|956
66.0|904
67.0|880
68.0|860
69.0|765
70.0|726
71.0|641
72.0|617
73.0|582
74.0|517
75.0|390
76.0|352
77.0|313
78.0|302
79.0|246
80.0|225
81.0|146
82.0|137
83.0|129
84.0|92
85.0|74
86.0|60
87.0|47
88.0|31
89.0|37
90.0|25
91.0|13
92.0|14
93.0|2
94.0|6
95.0|7
96.0|2
97.0|8
98.0|2
*****Counts for MODERNA_FEMALE_PYREXIA*****
0.08|2
0.17|1
0.42|1
0.92|1
1.0|1
1.08|1
4.92|1
6.0|3
7.0|1
10.0|1
11.0|1
12.0|1
13.0|4
14.0|2
15.0|5
16.0|15
17.0|12
18.0|102
19.0|144
20.0|194
21.0|241
22.0|301
23.0|314
24.0|408
25.0|390
26.0|468
27.0|432
28.0|438
29.0|470
30.0|558
31.0|505
32.0|532
33.0|528
34.0|550
35.0|536
36.0|592
37.0|559
38.0|628
39.0|612
40.0|576
41.0|637
42.0|628
43.0|590
44.0|612
45.0|551
46.0|596
47.0|602
48.0|627
49.0|637
50.0|705
51.0|748
52.0|690
53.0|646
54.0|715
55.0|679
56.0|672
57.0|729
58.0|738
59.0|747
60.0|705
61.0|708
62.0|678
63.0|659
64.0|694
65.0|798
66.0|739
67.0|720
68.0|677
69.0|652
70.0|589
71.0|560
72.0|539
73.0|491
74.0|437
75.0|319
76.0|307
77.0|262
78.0|264
79.0|233
80.0|177
81.0|146
82.0|123
83.0|118
84.0|79
85.0|81
86.0|58
87.0|54
88.0|41
89.0|39
90.0|30
91.0|27
92.0|24
93.0|15
94.0|8
95.0|13
96.0|10
97.0|3
98.0|5
99.0|3
100.0|4
101.0|2
103.0|1
104.0|1
*****Counts for MODERNA_MALE_FATIGUE*****
0.08|1
0.58|1
1.08|2
12.0|2
13.0|3
15.0|5
16.0|13
17.0|5
18.0|37
19.0|46
20.0|54
21.0|47
22.0|80
23.0|82
24.0|87
25.0|89
26.0|91
27.0|114
28.0|104
29.0|123
30.0|111
31.0|130
32.0|157
33.0|150
34.0|127
35.0|146
36.0|185
37.0|146
38.0|157
39.0|170
40.0|143
41.0|176
42.0|138
43.0|154
44.0|141
45.0|156
46.0|148
47.0|131
48.0|179
49.0|178
50.0|191
51.0|175
52.0|168
53.0|198
54.0|169
55.0|159
56.0|201
57.0|217
58.0|220
59.0|189
60.0|232
61.0|219
62.0|190
63.0|217
64.0|207
65.0|261
66.0|235
67.0|254
68.0|237
69.0|222
70.0|215
71.0|206
72.0|247
73.0|213
74.0|196
75.0|166
76.0|143
77.0|121
78.0|132
79.0|110
80.0|77
81.0|79
82.0|71
83.0|65
84.0|49
85.0|38
86.0|37
87.0|34
88.0|22
89.0|28
90.0|27
91.0|16
92.0|14
93.0|12
94.0|4
95.0|8
96.0|6
97.0|1
98.0|3
99.0|2
102.0|1
109.0|1
*****Counts for MODERNA_MALE_HEADACHE*****
0.08|1
0.33|1
0.58|1
0.75|1
1.08|7
1.75|1
9.0|1
12.0|2
13.0|3
14.0|1
15.0|1
16.0|6
17.0|7
18.0|61
19.0|61
20.0|63
21.0|85
22.0|105
23.0|107
24.0|99
25.0|128
26.0|124
27.0|142
28.0|124
29.0|140
30.0|160
31.0|176
32.0|179
33.0|183
34.0|168
35.0|186
36.0|188
37.0|186
38.0|184
39.0|188
40.0|181
41.0|160
42.0|178
43.0|163
44.0|159
45.0|168
46.0|186
47.0|140
48.0|196
49.0|200
50.0|226
51.0|224
52.0|213
53.0|213
54.0|230
55.0|188
56.0|213
57.0|241
58.0|249
59.0|249
60.0|241
61.0|257
62.0|217
63.0|213
64.0|211
65.0|320
66.0|270
67.0|255
68.0|225
69.0|189
70.0|201
71.0|193
72.0|194
73.0|189
74.0|157
75.0|123
76.0|105
77.0|81
78.0|99
79.0|81
80.0|58
81.0|66
82.0|46
83.0|43
84.0|39
85.0|26
86.0|21
87.0|14
88.0|7
89.0|8
90.0|10
91.0|5
92.0|5
93.0|7
94.0|1
95.0|1
96.0|4
98.0|1
99.0|1
*****Counts for MODERNA_MALE_PYREXIA*****
0.75|1
1.0|1
1.08|4
1.75|1
7.0|1
12.0|2
13.0|4
14.0|2
15.0|1
16.0|4
17.0|8
18.0|64
19.0|68
20.0|73
21.0|86
22.0|103
23.0|99
24.0|116
25.0|137
26.0|126
27.0|139
28.0|151
29.0|162
30.0|151
31.0|191
32.0|198
33.0|203
34.0|201
35.0|197
36.0|201
37.0|181
38.0|184
39.0|163
40.0|190
41.0|182
42.0|190
43.0|198
44.0|180
45.0|159
46.0|188
47.0|168
48.0|200
49.0|219
50.0|232
51.0|191
52.0|225
53.0|210
54.0|201
55.0|179
56.0|231
57.0|227
58.0|244
59.0|241
60.0|258
61.0|229
62.0|244
63.0|232
64.0|232
65.0|313
66.0|272
67.0|287
68.0|237
69.0|247
70.0|235
71.0|225
72.0|212
73.0|224
74.0|209
75.0|189
76.0|150
77.0|143
78.0|158
79.0|107
80.0|87
81.0|82
82.0|86
83.0|52
84.0|59
85.0|50
86.0|42
87.0|33
88.0|29
89.0|30
90.0|26
91.0|21
92.0|9
93.0|10
94.0|1
95.0|2
96.0|4
97.0|1
98.0|4
99.0|1
100.0|1
102.0|1
*****Counts for PFIZER_FEMALE_FATIGUE*****
0.08|2
0.17|1
0.33|1
4.0|1
5.0|23
5.33|1
5.92|1
6.0|17
7.0|11
8.0|12
9.0|20
10.0|22
11.0|24
12.0|89
13.0|98
14.0|66
15.0|92
16.0|160
17.0|139
18.0|122
19.0|124
20.0|161
21.0|170
22.0|233
23.0|311
24.0|334
25.0|362
26.0|413
27.0|395
28.0|436
29.0|486
30.0|538
31.0|564
32.0|580
33.0|581
34.0|645
35.0|611
36.0|660
37.0|633
38.0|625
39.0|712
40.0|679
41.0|623
42.0|649
43.0|626
44.0|615
45.0|637
46.0|615
47.0|612
48.0|636
49.0|645
50.0|669
51.0|649
52.0|682
53.0|566
54.0|601
55.0|546
56.0|621
57.0|566
58.0|596
59.0|588
60.0|565
61.0|544
62.0|561
63.0|495
64.0|521
65.0|491
66.0|459
67.0|413
68.0|427
69.0|419
70.0|397
71.0|340
72.0|313
73.0|329
74.0|276
75.0|223
76.0|189
77.0|196
78.0|141
79.0|143
80.0|91
81.0|92
82.0|105
83.0|83
84.0|58
85.0|45
86.0|48
87.0|53
88.0|36
89.0|33
90.0|31
91.0|22
92.0|13
93.0|27
94.0|8
95.0|10
96.0|10
97.0|5
98.0|5
99.0|5
100.0|3
101.0|3
102.0|1
105.0|1
115.0|2
119.0|1
*****Counts for PFIZER_FEMALE_HEADACHE*****
0.08|4
0.25|1
0.33|1
1.08|1
2.0|1
4.0|1
4.42|1
5.0|19
5.33|1
6.0|17
7.0|24
8.0|20
9.0|36
10.0|28
11.0|28
12.0|153
13.0|137
14.0|108
15.0|148
16.0|220
17.0|187
18.0|178
19.0|185
20.0|207
21.0|220
22.0|291
23.0|378
24.0|396
25.0|438
26.0|447
27.0|515
28.0|523
29.0|558
30.0|601
31.0|643
32.0|673
33.0|686
34.0|759
35.0|712
36.0|716
37.0|767
38.0|748
39.0|800
40.0|808
41.0|757
42.0|791
43.0|731
44.0|756
45.0|797
46.0|744
47.0|708
48.0|804
49.0|827
50.0|871
51.0|806
52.0|773
53.0|737
54.0|736
55.0|757
56.0|780
57.0|764
58.0|777
59.0|687
60.0|731
61.0|727
62.0|652
63.0|607
64.0|608
65.0|648
66.0|581
67.0|495
68.0|483
69.0|437
70.0|451
71.0|383
72.0|356
73.0|340
74.0|304
75.0|235
76.0|190
77.0|155
78.0|149
79.0|126
80.0|118
81.0|71
82.0|80
83.0|51
84.0|32
85.0|27
86.0|35
87.0|50
88.0|24
89.0|17
90.0|23
91.0|9
92.0|10
93.0|7
94.0|6
95.0|5
96.0|1
97.0|4
98.0|2
100.0|1
101.0|1
105.0|1
115.0|1
*****Counts for PFIZER_FEMALE_PYREXIA*****
0.08|1
0.17|1
0.33|1
0.42|1
0.5|1
0.67|1
1.17|1
1.5|1
1.83|1
2.0|1
5.0|49
5.33|1
6.0|36
7.0|28
8.0|19
9.0|21
10.0|18
11.0|22
12.0|143
13.0|123
14.0|91
15.0|115
16.0|122
17.0|156
18.0|133
19.0|134
20.0|171
21.0|216
22.0|286
23.0|317
24.0|383
25.0|370
26.0|422
27.0|449
28.0|456
29.0|466
30.0|501
31.0|499
32.0|505
33.0|533
34.0|560
35.0|534
36.0|533
37.0|539
38.0|521
39.0|598
40.0|549
41.0|531
42.0|543
43.0|483
44.0|545
45.0|521
46.0|497
47.0|484
48.0|514
49.0|538
50.0|644
51.0|536
52.0|532
53.0|508
54.0|532
55.0|491
56.0|528
57.0|508
58.0|511
59.0|465
60.0|468
61.0|472
62.0|437
63.0|425
64.0|419
65.0|413
66.0|346
67.0|340
68.0|331
69.0|339
70.0|294
71.0|251
72.0|274
73.0|235
74.0|196
75.0|154
76.0|138
77.0|113
78.0|124
79.0|93
80.0|77
81.0|61
82.0|81
83.0|54
84.0|43
85.0|33
86.0|34
87.0|21
88.0|24
89.0|24
90.0|14
91.0|13
92.0|5
93.0|15
94.0|6
95.0|9
96.0|6
97.0|6
98.0|5
99.0|1
100.0|1
102.0|1
119.0|1
*****Counts for PFIZER_MALE_FATIGUE*****
0.08|3
0.17|1
1.08|1
1.58|1
1.83|1
4.0|1
5.0|14
6.0|17
7.0|12
8.0|19
9.0|22
10.0|19
11.0|19
12.0|108
13.0|89
14.0|93
15.0|81
16.0|105
17.0|116
18.0|61
19.0|67
20.0|66
21.0|59
22.0|75
23.0|90
24.0|90
25.0|111
26.0|119
27.0|140
28.0|133
29.0|140
30.0|167
31.0|166
32.0|177
33.0|162
34.0|148
35.0|162
36.0|157
37.0|184
38.0|158
39.0|169
40.0|175
41.0|192
42.0|147
43.0|162
44.0|152
45.0|148
46.0|185
47.0|169
48.0|174
49.0|204
50.0|200
51.0|187
52.0|181
53.0|175
54.0|163
55.0|168
56.0|184
57.0|157
58.0|170
59.0|179
60.0|168
61.0|150
62.0|148
63.0|159
64.0|143
65.0|164
66.0|165
67.0|164
68.0|148
69.0|160
70.0|136
71.0|142
72.0|130
73.0|122
74.0|114
75.0|89
76.0|87
77.0|90
78.0|81
79.0|73
80.0|63
81.0|50
82.0|49
83.0|40
84.0|38
85.0|32
86.0|21
87.0|21
88.0|17
89.0|13
90.0|16
91.0|15
92.0|13
93.0|16
94.0|7
95.0|4
96.0|2
97.0|5
98.0|2
100.0|1
102.0|1
*****Counts for PFIZER_MALE_HEADACHE*****
0.08|1
0.17|2
0.42|1
0.58|1
1.08|1
4.0|3
5.0|12
6.0|20
7.0|13
8.0|15
9.0|20
10.0|31
11.0|32
12.0|134
13.0|110
14.0|100
15.0|124
16.0|145
17.0|159
18.0|88
19.0|85
20.0|81
21.0|84
22.0|97
23.0|124
24.0|113
25.0|148
26.0|150
27.0|164
28.0|171
29.0|161
30.0|204
31.0|202
32.0|225
33.0|190
34.0|160
35.0|216
36.0|198
37.0|202
38.0|193
39.0|179
40.0|190
41.0|210
42.0|179
43.0|195
44.0|180
45.0|170
46.0|192
47.0|186
48.0|198
49.0|198
50.0|225
51.0|197
52.0|177
53.0|186
54.0|189
55.0|170
56.0|200
57.0|180
58.0|195
59.0|170
60.0|190
61.0|172
62.0|174
63.0|186
64.0|150
65.0|164
66.0|155
67.0|153
68.0|167
69.0|140
70.0|118
71.0|127
72.0|108
73.0|104
74.0|108
75.0|63
76.0|52
77.0|62
78.0|51
79.0|29
80.0|43
81.0|28
82.0|22
83.0|25
84.0|22
85.0|8
86.0|11
87.0|7
88.0|5
89.0|5
90.0|5
91.0|6
92.0|1
93.0|1
94.0|2
95.0|3
96.0|1
98.0|2
*****Counts for PFIZER_MALE_PYREXIA*****
0.17|1
0.33|1
0.42|1
1.83|1
4.0|3
5.0|39
6.0|38
7.0|25
8.0|24
9.0|30
10.0|31
11.0|19
12.0|168
13.0|147
14.0|121
15.0|126
16.0|159
17.0|166
18.0|93
19.0|82
20.0|74
21.0|75
22.0|82
23.0|103
24.0|105
25.0|134
26.0|126
27.0|137
28.0|150
29.0|149
30.0|185
31.0|168
32.0|184
33.0|166
34.0|176
35.0|165
36.0|167
37.0|170
38.0|159
39.0|149
40.0|143
41.0|180
42.0|164
43.0|187
44.0|140
45.0|162
46.0|151
47.0|139
48.0|181
49.0|183
50.0|206
51.0|158
52.0|167
53.0|140
54.0|163
55.0|161
56.0|181
57.0|149
58.0|153
59.0|138
60.0|195
61.0|163
62.0|157
63.0|147
64.0|132
65.0|176
66.0|143
67.0|161
68.0|163
69.0|140
70.0|120
71.0|118
72.0|114
73.0|110
74.0|128
75.0|68
76.0|76
77.0|70
78.0|80
79.0|69
80.0|54
81.0|32
82.0|50
83.0|37
84.0|30
85.0|38
86.0|25
87.0|24
88.0|22
89.0|14
90.0|15
91.0|16
92.0|10
93.0|9
94.0|2
95.0|3
96.0|4
97.0|3
98.0|3
